#The Venice left location information
LocalOriginLat: 45.4372565239
LocalOriginLon: 12.3555584833
LocalOriginH: 45.315
