LocalOriginLat: 43.9329772373
LocalOriginLon: 15.4446259371
