#The Jarun location information
LocalOriginLat: 45.7843350167
LocalOriginLon: 15.9100981058
