#The Venice location information
LocalOriginLat: 45.4373763367
LocalOriginLon: 12.3549453896

